DATASET_NAME: dataset.train.csv
ENSEMBLE: RF
NB_TREES: 10
NB_FEATURES: 0
NB_CLASSES: 3
MAX_TREE_DEPTH: 6
Format: node / node type (LN - leaf node, IN - internal node) left child / right child / feature / threshold / node_depth / majority class (starts with index 0)

[TREE 1]
NB_NODES: 9
0 IN 1 2 2 2.45 0 -1
1 LN -1 -1 -1 -1 1 0
2 IN 3 4 2 4.75 1 -1
3 LN -1 -1 -1 -1 2 1
4 IN 5 8 3 1.65 2 -1
5 IN 6 7 1 2.65 3 -1
6 LN -1 -1 -1 -1 4 2
7 LN -1 -1 -1 -1 4 1
8 LN -1 -1 -1 -1 3 2

[TREE 2]
NB_NODES: 13
0 IN 1 6 0 5.85 0 -1
1 IN 2 3 3 0.75 1 -1
2 LN -1 -1 -1 -1 2 0
3 IN 4 5 3 1.7 2 -1
4 LN -1 -1 -1 -1 3 1
5 LN -1 -1 -1 -1 3 2
6 IN 7 8 2 4.75 1 -1
7 LN -1 -1 -1 -1 2 1
8 IN 9 12 3 1.75 2 -1
9 IN 10 11 1 2.9 3 -1
10 LN -1 -1 -1 -1 4 2
11 LN -1 -1 -1 -1 4 1
12 LN -1 -1 -1 -1 3 2

[TREE 3]
NB_NODES: 5
0 IN 1 2 3 0.7 0 -1
1 LN -1 -1 -1 -1 1 0
2 IN 3 4 3 1.75 1 -1
3 LN -1 -1 -1 -1 2 1
4 LN -1 -1 -1 -1 2 2

[TREE 4]
NB_NODES: 13
0 IN 1 2 3 0.75 0 -1
1 LN -1 -1 -1 -1 1 0
2 IN 3 4 2 4.85 1 -1
3 LN -1 -1 -1 -1 2 1
4 IN 5 6 0 6.25 2 -1
5 LN -1 -1 -1 -1 3 2
6 IN 7 12 3 1.75 3 -1
7 IN 8 11 0 6.5 4 -1
8 IN 9 10 2 5.0 5 -1
9 LN -1 -1 -1 -1 6 1
10 LN -1 -1 -1 -1 6 2
11 LN -1 -1 -1 -1 5 1
12 LN -1 -1 -1 -1 4 2

[TREE 5]
NB_NODES: 9
0 IN 1 2 3 0.7 0 -1
1 LN -1 -1 -1 -1 1 0
2 IN 3 8 2 4.95 1 -1
3 IN 4 5 0 6.15 2 -1
4 LN -1 -1 -1 -1 3 1
5 IN 6 7 3 1.7 3 -1
6 LN -1 -1 -1 -1 4 1
7 LN -1 -1 -1 -1 4 2
8 LN -1 -1 -1 -1 2 2

[TREE 6]
NB_NODES: 11
0 IN 1 2 2 2.45 0 -1
1 LN -1 -1 -1 -1 1 0
2 IN 3 4 2 4.75 1 -1
3 LN -1 -1 -1 -1 2 1
4 IN 5 10 2 5.05 2 -1
5 IN 6 9 3 1.75 3 -1
6 IN 7 8 1 2.5 4 -1
7 LN -1 -1 -1 -1 5 2
8 LN -1 -1 -1 -1 5 1
9 LN -1 -1 -1 -1 4 2
10 LN -1 -1 -1 -1 3 2

[TREE 7]
NB_NODES: 11
0 IN 1 2 0 5.45 0 -1
1 LN -1 -1 -1 -1 1 0
2 IN 3 10 3 1.75 1 -1
3 IN 4 5 3 1.35 2 -1
4 LN -1 -1 -1 -1 3 1
5 IN 6 9 0 7.1 3 -1
6 IN 7 8 2 5.3 4 -1
7 LN -1 -1 -1 -1 5 1
8 LN -1 -1 -1 -1 5 2
9 LN -1 -1 -1 -1 4 2
10 LN -1 -1 -1 -1 2 2

[TREE 8]
NB_NODES: 9
0 IN 1 2 2 2.6 0 -1
1 LN -1 -1 -1 -1 1 0
2 IN 3 6 3 1.75 1 -1
3 IN 4 5 2 5.3 2 -1
4 LN -1 -1 -1 -1 3 1
5 LN -1 -1 -1 -1 3 2
6 IN 7 8 2 4.85 2 -1
7 LN -1 -1 -1 -1 3 1
8 LN -1 -1 -1 -1 3 2

[TREE 9]
NB_NODES: 5
0 IN 1 4 2 4.85 0 -1
1 IN 2 3 3 0.75 1 -1
2 LN -1 -1 -1 -1 2 0
3 LN -1 -1 -1 -1 2 1
4 LN -1 -1 -1 -1 1 2

[TREE 10]
NB_NODES: 11
0 IN 1 2 2 2.75 0 -1
1 LN -1 -1 -1 -1 1 0
2 IN 3 10 0 7.05 1 -1
3 IN 4 9 2 5.05 2 -1
4 IN 5 6 3 1.75 3 -1
5 LN -1 -1 -1 -1 4 1
6 IN 7 8 1 3.1 4 -1
7 LN -1 -1 -1 -1 5 2
8 LN -1 -1 -1 -1 5 1
9 LN -1 -1 -1 -1 3 2
10 LN -1 -1 -1 -1 2 2
